15 2 5 7 34 6 2 8 8 9 2 1 14 23 5 8 2354 646 766 694 530 506
406 40956 3095 20 4096 3035 3085 303456 3456 345 546 35 6345
15 2 5 7 34 6 2 8 8 9 2 1 14 23 5 8 2354 646 766 694 530 50615 2 5 7 34 6 2 8 8 9 2 1 14 23 5 8 2354 646 766 694 530 506
406 40956 3095 20 4096 3035 3085 303456 3456 345 546 35 634515 2 5 7 34 6 2 8 8 9 2 1 14 23 5 8 2354 646 766 694 530 506
406 40956 3095 20 4096 3035 3085 303456 3456 345 546 35 634515 2 5 7 34 6 2 8 8 9 2 1 14 23 5 8 2354 646 766 694 530 506
406 40956 3095 20 4096 3035 3085 303456 3456 345 546 35 634515 2 5 7 34 6 2 8 8 9 2 1 14 23 5 8 2354 646 766 694 530 506
406 40956 3095 20 4096 3035 3085 303456 3456 345 546 35 634515 2 5 7 34 6 2 8 8 9 2 1 14 23 5 8 2354 646 766 694 530 506
406 40956 3095 20 4096 3035 3085 303456 3456 345 546 35 634515 2 5 7 34 6 2 8 8 9 2 1 14 23 5 8 2354 646 766 694 530 506
406 40956 3095 20 4096 3035 3085 303456 3456 345 546 35 634515 2 5 7 34 6 2 8 8 9 2 1 14 23 5 8 2354 646 766 694 530 506
406 40956 3095 20 4096 3035 3085 303456 3456 345 546 35 634515 2 5 7 34 6 2 8 8 9 2 1 14 23 5 8 2354 646 766 694 530 506
406 40956 3095 20 4096 3035 3085 303456 3456 345 546 35 634515 2 5 7 34 6 2 8 8 9 2 1 14 23 5 8 2354 646 766 694 530 506
406 40956 3095 20 4096 3035 3085 303456 3456 345 546 35 634515 2 5 7 34 6 2 8 8 9 2 1 14 23 5 8 2354 646 766 694 530 506
406 40956 3095 20 4096 3035 3085 303456 3456 345 546 35 634515 2 5 7 34 6 2 8 8 9 2 1 14 23 5 8 2354 646 766 694 530 506
406 40956 3095 20 4096 3035 3085 303456 3456 345 546 35 634515 2 5 7 34 6 2 8 8 9 2 1 14 23 5 8 2354 646 766 694 530 506
406 40956 3095 20 4096 3035 3085 303456 3456 345 546 35 634515 2 5 7 34 6 2 8 8 9 2 1 14 23 5 8 2354 646 766 694 530 506
406 40956 3095 20 4096 3035 3085 303456 3456 345 546 35 634515 2 5 7 34 6 2 8 8 9 2 1 14 23 5 8 2354 646 766 694 530 506
406 40956 3095 20 4096 3035 3085 303456 3456 345 546 35 634515 2 5 7 34 6 2 8 8 9 2 1 14 23 5 8 2354 646 766 694 530 506
406 40956 3095 20 4096 3035 3085 303456 3456 345 546 35 634515 2 5 7 34 6 2 8 8 9 2 1 14 23 5 8 2354 646 766 694 530 506
406 40956 3095 20 4096 3035 3085 303456 3456 345 546 35 634515 2 5 7 34 6 2 8 8 9 2 1 14 23 5 8 2354 646 766 694 530 506
406 40956 3095 20 4096 3035 3085 303456 3456 345 546 35 634515 2 5 7 34 6 2 8 8 9 2 1 14 23 5 8 2354 646 766 694 530 506
406 40956 3095 20 4096 3035 3085 303456 3456 345 546 35 6345
406 40956 3095 20 4096 3035 3085 303456 3456 345 546 35 6345
